Score: 			0.0143115509935402
Intercept: 			12034549.638042547
------------
Coefficients:
acousticness: 			9372206.888264919	 scaled: 	74.06157940386885
danceability: 			74380717.51746173	 scaled: 	587.7754815073303
energy: 			126546.13854717945	 scaled: 	1.0
liveness: 			-33715714.9216772	 scaled: 	-266.4302151669936
speechiness: 			-85480204.0599567	 scaled: 	-675.4864671598622
valence: 			16615016.780184558	 scaled: 	131.29611832438553
